36432849809
34789995389
11411544730
83740776884
18640979436
71251685029
89308231954
55497117735
96613450451
43049512799
40029738869
46879533431
74822038778
58326107422
20174702942
40121328545
84383785982
27152594644
7993714916
97544082381
24785722331
8526186989
93242196711
51053402973
8901791392
46538935579
85001363403
56030309960
63811510488
26455966356
70485286425
25024662955
72340005624
3049251435
22636689286
55557032880
22718226780
41105423473
66370562657
39561234355
73303069902
75107370510
73615163059
97159087614
12526663072
78701039361
44911795760
98891222668
