44911795760
82875522486
10006587423
57744605828
71035888815
22524022170
4409549111
82808127824
6160619135
11068482615
51209602252
34608194817
30816317769
98410806044
67297446813
30029767520
92498624169
58979163203
62892173722
7283289817
65658869071
11957126497
99084416233
73615163059
13064876243
67011478137
88245013896
24178225053
10102426945
18254966885
12647856694
95903014304
37588422924
75664813451
94173000074
73473396735
83248326166
11708845229
36572192909
75625619506
80237748072
83109908202
61154222085
79398806232
58232247907
87582330951
90021019232
73940195180
69113203766
81829610698
46538396348
10238480381
3369108537
72625622941
48344955534
73683961713
24476567737
62241898238
30244545241
17921099868
4979334762
76921060179
67612814330
79772903508
95935726345
14369210193
78649175348
6964313423
70744806632
77470553785
69370652571
45700257990
58326107422
8434779398
27995067459
2252877402
81816248035
78221374973
60886235201
81796889033
77909410613
32375183413
5351618196
79499188065
42423175415
84679725181
29316961115
90541353599
72455716241
12529365774
84008804398
76388087866
53500636173
86807834959
44435182980
84794805541
15870720241
62591728557
37151821027
59788899724
