88016641491
23017540123
98470310364
43665129407
6802109728
63659938711
59289458259
6068596320
9954460199
52375616783
94956419046
24055982147
70312701414
5783111475
4023204288
73247673869
38170587843
69113203766
8044140362
28349550368
53213929595
91200541058
2652601574
78981198079
67671330055
21754851415
50420813140
66272686549
77618777031
37984168709
63982770186
27732885773
89097558193
28762514583
85114797738
52325926506
21247120506
48225913257
84882177855
46492954351
61968803173
92719198681
78547318062
58786209184
88619716726
77909410613
16116091165
90093285369
61148723392
79134629291
32318092609
29785974984
63644459998
10006587423
54797654556
12698886188
68670390976
2488849306
89951428793
12352798380
2390107956
3263443544
32640526950
86946980232
61614452264
59680489140
