9077642785
80143685652
95974631108
63966944403
64745074393
12650844204
97604677857
21368105750
53442154706
33724155474
3255028295
41678387264
49778633822
99369693010
72425467115
69478748124
83740776884
81356414219
19535076127
68995182812
30692992823
66907999225
53623386209
41042233681
55737633240
85888618425
90548842451
81580818060
31510575746
19022932509
34467589024
3223019011
24481612233
68003757557
80322972506
63538059825
15912049138
56918517118
64698242230
41384465041
97840542776
63560537575
39473328475
80809204108
